0 1.258925e-02 2.511886e+00 1.353875e+00
0 1.258925e-02 3.162278e+00 1.470018e+00
0 1.258925e-02 3.981072e+00 1.584733e+00
0 1.258925e-02 5.011872e+00 1.692702e+00
0 1.258925e-02 6.309573e+00 1.795088e+00
0 1.258925e-02 7.943282e+00 1.892634e+00
0 1.258925e-02 1.000000e+01 1.985831e+00
0 1.258925e-02 1.258925e+01 2.075038e+00
0 1.258925e-02 1.584893e+01 2.160001e+00
0 1.258925e-02 1.995262e+01 2.241138e+00
0 1.258925e-02 2.511886e+01 2.331245e+00
0 1.258925e-02 3.162278e+01 2.405314e+00
0 1.258925e-02 3.981072e+01 2.475796e+00
0 1.258925e-02 5.011872e+01 2.543538e+00
0 1.258925e-02 6.309573e+01 2.608670e+00
0 1.258925e-02 7.943282e+01 2.671331e+00
0 1.258925e-02 1.000000e+02 2.731651e+00
0 1.258925e-02 1.258925e+02 2.789747e+00
0 1.258925e-02 1.584893e+02 2.845729e+00
0 1.258925e-02 1.995262e+02 2.899700e+00
