0 2.511886e-01 2.511886e+00 4.827172e-01
0 2.511886e-01 3.162278e+00 4.877495e-01
0 2.511886e-01 3.981072e+00 4.895252e-01
0 2.511886e-01 5.011872e+00 4.910450e-01
0 2.511886e-01 6.309573e+00 4.917720e-01
0 2.511886e-01 7.943282e+00 4.913925e-01
0 2.511886e-01 1.000000e+01 4.899006e-01
0 2.511886e-01 1.258925e+01 4.873546e-01
0 2.511886e-01 1.584893e+01 4.838578e-01
0 2.511886e-01 1.995262e+01 4.796426e-01
0 2.511886e-01 2.511886e+01 4.876965e-01
0 2.511886e-01 3.162278e+01 4.789432e-01
0 2.511886e-01 3.981072e+01 4.712167e-01
0 2.511886e-01 5.011872e+01 4.636450e-01
0 2.511886e-01 6.309573e+01 4.562719e-01
0 2.511886e-01 7.943282e+01 4.490988e-01
0 2.511886e-01 1.000000e+02 4.421247e-01
0 2.511886e-01 1.258925e+02 4.353472e-01
0 2.511886e-01 1.584893e+02 4.287628e-01
0 2.511886e-01 1.995262e+02 4.223662e-01
