0 1.258925e-02 2.511886e+00 1.748194e+00
0 1.258925e-02 3.162278e+00 1.874942e+00
0 1.258925e-02 3.981072e+00 1.994666e+00
0 1.258925e-02 5.011872e+00 2.107177e+00
0 1.258925e-02 6.309573e+00 2.213256e+00
0 1.258925e-02 7.943282e+00 2.313529e+00
0 1.258925e-02 1.000000e+01 2.408528e+00
0 1.258925e-02 1.258925e+01 2.498742e+00
0 1.258925e-02 1.584893e+01 2.584535e+00
0 1.258925e-02 1.995262e+01 2.665731e+00
0 1.258925e-02 2.511886e+01 2.741980e+00
0 1.258925e-02 3.162278e+01 2.818669e+00
0 1.258925e-02 3.981072e+01 2.889978e+00
0 1.258925e-02 5.011872e+01 2.958365e+00
0 1.258925e-02 6.309573e+01 3.023921e+00
0 1.258925e-02 7.943282e+01 3.086815e+00
0 1.258925e-02 1.000000e+02 3.147199e+00
0 1.258925e-02 1.258925e+02 3.205216e+00
0 1.258925e-02 1.584893e+02 3.260993e+00
0 1.258925e-02 1.995262e+02 3.314650e+00
