0 2.511886e-01 2.511886e+00 1.278308e+00
0 2.511886e-01 3.162278e+00 1.265640e+00
0 2.511886e-01 3.981072e+00 1.243996e+00
0 2.511886e-01 5.011872e+00 1.222626e+00
0 2.511886e-01 6.309573e+00 1.201686e+00
0 2.511886e-01 7.943282e+00 1.181279e+00
0 2.511886e-01 1.000000e+01 1.161471e+00
0 2.511886e-01 1.258925e+01 1.142297e+00
0 2.511886e-01 1.584893e+01 1.123762e+00
0 2.511886e-01 1.995262e+01 1.106004e+00
0 2.511886e-01 2.511886e+01 1.089212e+00
0 2.511886e-01 3.162278e+01 1.071530e+00
0 2.511886e-01 3.981072e+01 1.055849e+00
0 2.511886e-01 5.011872e+01 1.040594e+00
0 2.511886e-01 6.309573e+01 1.025822e+00
0 2.511886e-01 7.943282e+01 1.011516e+00
0 2.511886e-01 1.000000e+02 9.976601e-01
0 2.511886e-01 1.258925e+02 9.842355e-01
0 2.511886e-01 1.584893e+02 9.712253e-01
0 2.511886e-01 1.995262e+02 9.586115e-01
