0 2.511886e-01 2.511886e+00 7.914602e-01
0 2.511886e-01 3.162278e+00 7.771862e-01
0 2.511886e-01 3.981072e+00 7.579453e-01
0 2.511886e-01 5.011872e+00 7.396410e-01
0 2.511886e-01 6.309573e+00 7.222373e-01
0 2.511886e-01 7.943282e+00 7.056955e-01
0 2.511886e-01 1.000000e+01 6.899735e-01
0 2.511886e-01 1.258925e+01 6.750212e-01
0 2.511886e-01 1.584893e+01 6.607953e-01
0 2.511886e-01 1.995262e+01 6.473435e-01
0 2.511886e-01 2.511886e+01 6.347429e-01
0 2.511886e-01 3.162278e+01 6.215487e-01
0 2.511886e-01 3.981072e+01 6.100702e-01
0 2.511886e-01 5.011872e+01 5.989885e-01
0 2.511886e-01 6.309573e+01 5.883374e-01
0 2.511886e-01 7.943282e+01 5.780940e-01
0 2.511886e-01 1.000000e+02 5.682368e-01
0 2.511886e-01 1.258925e+02 5.587450e-01
0 2.511886e-01 1.584893e+02 5.495996e-01
0 2.511886e-01 1.995262e+02 5.407816e-01
