0.25118864315095824 0.1 1.3306747042232459 -1.0738718936791276
0.25118864315095824 0.12589254117941673 1.3306747042232459 -1.0738718936791276
0.25118864315095824 0.15848931924611134 1.3306747042232459 -1.0738718936791276
0.25118864315095824 0.19952623149688797 1.3306747042232459 -1.0738718936791276
0.25118864315095824 0.251188643150958 1.3306747042232459 -1.0738718936791276
0.25118864315095824 0.31622776601683794 1.3306747042232459 -1.0738718936791276
0.25118864315095824 0.3981071705534973 1.3306747042232459 -1.0738718936791276
0.25118864315095824 0.5011872336272724 1.3306747042232459 -1.0738718936791276
0.25118864315095824 0.6309573444801934 1.3306747042232459 -1.0738718936791276
0.25118864315095824 0.7943282347242815 1.3306747042232459 -1.0738718936791276
0.25118864315095824 1.0 1.3306747042232459 -1.0738718936791276
0.25118864315095824 1.2589254117941675 1.3306747042232459 -1.0738718936791276
0.25118864315095824 1.584893192461114 1.3306747042232459 -1.0738718936791276
0.25118864315095824 1.9952623149688797 1.3306747042232459 -1.0738718936791276
0.25118864315095824 2.511886431509581 1.3306747042232459 -1.0738718936791276
0.25118864315095824 3.1622776601683795 1.3218642795152074 -1.0677994654801144
0.25118864315095824 3.981071705534973 1.2997207019062893 -1.0612403188961117
0.25118864315095824 5.011872336272725 1.2860969732696883 -1.0489255531394146
0.25118864315095824 6.309573444801933 1.268786256343768 -1.0388855846326648
0.25118864315095824 7.943282347242818 1.2494166495478227 -1.0303284475794203
0.25118864315095824 10.0 1.234624990003856 -1.01830564391487
0.25118864315095824 12.589254117941675 1.2164529373921962 -1.0090824072615483
0.25118864315095824 15.848931924611142 1.2018602339893265 -0.9970573416971265
0.25118864315095824 19.952623149688808 1.1859244203496502 -0.98642565949199
0.25118864315095824 25.11886431509582 1.1701308833617678 -0.9760257673401133
0.25118864315095824 31.622776601683793 1.1550862687432049 -0.9653672932887697
0.25118864315095824 39.810717055349734 1.1402768711956275 -0.9548491480813402
0.25118864315095824 50.11872336272725 1.1256711405549609 -0.9445358348167141
0.25118864315095824 63.095734448019364 1.1113398849582021 -0.9343764449401549
0.25118864315095824 79.43282347242821 1.09729729514235 -0.9243722099335712
0.25118864315095824 100.0 1.0835683732977257 -0.9145519170061717
0.25118864315095824 125.89254117941675 1.070147503017627 -0.9049000268707634
0.25118864315095824 158.48931924611142 1.057016620907922 -0.8954165465404369
0.25118864315095824 199.52623149688807 1.0441789571702156 -0.8861058899616517
0.25118864315095824 251.18864315095823 1.0316289461038293 -0.8769657024222839
0.25118864315095824 316.22776601683796 1.0193600790414161 -0.8680049840389987
0.25118864315095824 398.1071705534973 1.0074027212641186 -0.8592330622995191
0.25118864315095824 501.18723362727246 0.9957114270315872 -0.8506318122827002
0.25118864315095824 630.9573444801937 0.9842841950986976 -0.8421952634102637
0.25118864315095824 794.3282347242822 0.9731168158891279 -0.8339233116678648
0.25118864315095824 1000.0 0.9622037337945555 -0.8258094084146137
0.25118864315095824 1258.9254117941687 0.9515513835839986 -0.817864587387419
0.25118864315095824 1584.893192461114 0.9411522747920584 -0.8100795038070222
0.25118864315095824 1995.2623149688789 0.9309842538314761 -0.8024435446774766
0.25118864315095824 2511.886431509582 0.92104330192664 -0.7949522637133346
0.25118864315095824 3162.2776601683795 0.9113228719548907 -0.7876019383870646
0.25118864315095824 3981.0717055349774 0.9018168196179774 -0.7803911530027244
0.25118864315095824 5011.872336272725 0.8925416795138783 -0.7733323952952759
0.25118864315095824 6309.573444801943 0.8834662456128223 -0.7664034767390641
0.25118864315095824 7943.282347242822 0.8745851869196146 -0.7596031717268926
0.25118864315095824 10000.0 0.8658920254335866 -0.7529276277509973
0.25118864315095824 12589.254117941688 0.8573831393403788 -0.7463756466650073
0.25118864315095824 15848.93192461114 0.8490617184753908 -0.7399569911468087
0.25118864315095824 19952.62314968883 0.8409158882953571 -0.7336601443558279
0.25118864315095824 25118.864315095823 0.8329253707189703 -0.7274309488478691
0.25118864315095824 31622.776601683792 0.8251095343139201 -0.7212404830509669
0.25118864315095824 39810.71705534977 0.8177242362454804 -0.7152835480368817
0.25118864315095824 50118.72336272725 0.8106715571369866 -0.7094510428546427
0.25118864315095824 63095.73444801943 0.8038353890278106 -0.7036376477638888
0.25118864315095824 79432.82347242821 0.7971309874698386 -0.6977962567039612
0.25118864315095824 100000.0 0.7905223046902694 -0.6919548906064426
0.25118864315095824 125892.54117941688 0.7839940913115551 -0.686135844877269
0.25118864315095824 158489.3192461114 0.7775399688925567 -0.6803727145549836
0.25118864315095824 199526.2314968883 0.7711620177216673 -0.6746979363617608
0.25118864315095824 251188.6431509582 0.764868437684042 -0.6691349638862761
0.25118864315095824 316227.7660168379 0.758651214714174 -0.6636828243371153
0.25118864315095824 398107.17055349774 0.7525109138167853 -0.6583515560818249
0.25118864315095824 501187.2336272725 0.7464497992882854 -0.6531423037401743
0.25118864315095824 630957.3444801943 0.7404669048955997 -0.6480462315075747
0.25118864315095824 794328.2347242822 0.7345771588752856 -0.6430705856868438
0.25118864315095824 1000000.0 0.7287707286990899 -0.6382021766834506
0.25118864315095824 1258925.4117941686 0.7230455414285677 -0.6334296816073701
0.25118864315095824 1584893.1924611141 0.7174002400019113 -0.6287512639816776
0.25118864315095824 1995262.3149688828 0.7118349611883982 -0.6241547277168882
0.25118864315095824 2511886.4315095823 0.7063515691386598 -0.6196432587556114
0.25118864315095824 3162277.6601683795 0.7009575789493738 -0.6152153057155777
0.25118864315095824 3981071.7055349774 0.6956406864063893 -0.6108600492889534
0.25118864315095824 5011872.336272725 0.6903994534643656 -0.6065731305044619
0.25118864315095824 6309573.444801942 0.6852337710952893 -0.602350114490514
0.25118864315095824 7943282.347242822 0.6801411739931587 -0.5981910643684935
0.25118864315095824 10000000.0 0.675129064052895 -0.5940998456623187
0.25118864315095824 12589254.117941663 0.67019308335068 -0.5900688116968178
0.25118864315095824 15848931.924611174 0.6653262744323576 -0.5860953456821945
0.25118864315095824 19952623.14968883 0.660527686732274 -0.5821760854083581
0.25118864315095824 25118864.315095823 0.655796129076891 -0.5783103483028422
0.25118864315095824 31622776.60168379 0.6511305146327429 -0.5744965437336683
0.25118864315095824 39810717.05534969 0.6465408248368777 -0.5707425829586297
0.25118864315095824 50118723.36272735 0.6420134629689085 -0.5670380460091499
0.25118864315095824 63095734.44801943 0.6375483214061228 -0.5633820348799807
0.25118864315095824 79432823.47242822 0.6331430900614192 -0.5597723979034716
0.25118864315095824 100000000.0 0.6287975155124166 -0.5562098893068943
0.25118864315095824 125892541.17941661 0.6245151188153037 -0.5526949945889951
0.25118864315095824 158489319.24611175 0.6202950274122174 -0.5492289469267304
0.25118864315095824 199526231.49688828 0.6161307720049554 -0.545807480490407
0.25118864315095824 251188643.1509582 0.612021142662814 -0.5424273858544282
0.25118864315095824 316227766.01683795 0.6079645699383192 -0.5390881655643823
0.25118864315095824 398107170.55349857 0.6039606342598061 -0.535790747775121
0.25118864315095824 501187233.6272735 0.6000183047247276 -0.5325391830138875
0.25118864315095824 630957344.4801943 0.5961253171350342 -0.5293293470682789
0.25118864315095824 794328234.7242821 0.592282000534039 -0.5261563081382931
0.25118864315095824 1000000000.0 0.5884875064434206 -0.5230206324645408
0.25118864315095824 1258925411.7941713 0.5847403867857723 -0.5199238122568092
0.25118864315095824 1584893192.4611173 0.5810427213700758 -0.5168642034708738
0.25118864315095824 1995262314.9688828 0.5773964568857765 -0.5138441191610335
0.25118864315095824 2511886431.509582 0.5737952384971896 -0.5108602340072322
0.25118864315095824 3162277660.1683793 0.5702370142196043 -0.5079107686446397
0.25118864315095824 3981071705.5349855 0.5667227196643162 -0.5049932452584139
0.25118864315095824 5011872336.272736 0.563249570820454 -0.5021096347215731
0.25118864315095824 6309573444.801943 0.5598264924604809 -0.4992660905560601
0.25118864315095824 7943282347.242822 0.5564572706504789 -0.4964637863520534
0.25118864315095824 10000000000.0 0.5534979533491754 -0.49400075981290564
