0 1.258925e-02 2.511886e+00 1.619782e+00
0 1.258925e-02 3.162278e+00 1.740067e+00
0 1.258925e-02 3.981072e+00 1.854324e+00
0 1.258925e-02 5.011872e+00 1.961732e+00
0 1.258925e-02 6.309573e+00 2.063030e+00
0 1.258925e-02 7.943282e+00 2.158807e+00
0 1.258925e-02 1.000000e+01 2.249564e+00
0 1.258925e-02 1.258925e+01 2.335766e+00
0 1.258925e-02 1.584893e+01 2.417751e+00
0 1.258925e-02 1.995262e+01 2.495352e+00
0 1.258925e-02 2.511886e+01 2.568230e+00
0 1.258925e-02 3.162278e+01 2.641429e+00
0 1.258925e-02 3.981072e+01 2.709659e+00
0 1.258925e-02 5.011872e+01 2.775069e+00
0 1.258925e-02 6.309573e+01 2.837758e+00
0 1.258925e-02 7.943282e+01 2.897886e+00
0 1.258925e-02 1.000000e+02 2.955601e+00
0 1.258925e-02 1.258925e+02 3.011039e+00
0 1.258925e-02 1.584893e+02 3.064321e+00
0 1.258925e-02 1.995262e+02 3.115564e+00
