0 2.511886e-01 2.511886e+00 6.555440e-01
0 2.511886e-01 3.162278e+00 6.412449e-01
0 2.511886e-01 3.981072e+00 6.231630e-01
0 2.511886e-01 5.011872e+00 6.061971e-01
0 2.511886e-01 6.309573e+00 5.902608e-01
0 2.511886e-01 7.943282e+00 5.752745e-01
0 2.511886e-01 1.000000e+01 5.611645e-01
0 2.511886e-01 1.258925e+01 5.478613e-01
0 2.511886e-01 1.584893e+01 5.352925e-01
0 2.511886e-01 1.995262e+01 5.234901e-01
0 2.511886e-01 2.511886e+01 5.124573e-01
0 2.511886e-01 3.162278e+01 5.010802e-01
0 2.511886e-01 3.981072e+01 4.911572e-01
0 2.511886e-01 5.011872e+01 4.816280e-01
0 2.511886e-01 6.309573e+01 4.725096e-01
0 2.511886e-01 7.943282e+01 4.637754e-01
0 2.511886e-01 1.000000e+02 4.554014e-01
0 2.511886e-01 1.258925e+02 4.473650e-01
0 2.511886e-01 1.584893e+02 4.396459e-01
0 2.511886e-01 1.995262e+02 4.322239e-01
