0 1.258925e-02 2.511886e+00 5.928527e-01
0 1.258925e-02 3.162278e+00 6.043446e-01
0 1.258925e-02 3.981072e+00 6.055474e-01
0 1.258925e-02 5.011872e+00 6.066573e-01
0 1.258925e-02 6.309573e+00 6.076832e-01
0 1.258925e-02 7.943282e+00 6.086326e-01
0 1.258925e-02 1.000000e+01 6.095124e-01
0 1.258925e-02 1.258925e+01 6.103285e-01
0 1.258925e-02 1.584893e+01 6.110870e-01
0 1.258925e-02 1.995262e+01 6.117871e-01
0 1.258925e-02 2.511886e+01 6.120074e-01
0 1.258925e-02 3.162278e+01 6.126837e-01
0 1.258925e-02 3.981072e+01 6.132361e-01
0 1.258925e-02 5.011872e+01 6.137566e-01
0 1.258925e-02 6.309573e+01 6.142436e-01
0 1.258925e-02 7.943282e+01 6.146992e-01
0 1.258925e-02 1.000000e+02 6.151252e-01
0 1.258925e-02 1.258925e+02 6.155233e-01
0 1.258925e-02 1.584893e+02 6.158952e-01
0 1.258925e-02 1.995262e+02 6.162425e-01
