2.511886431509582351e-01 1.000000000000000056e-01 2.307506704372381812e-01 5.958689724732896265e-01
2.511886431509582351e-01 1.258925411794167282e-01 2.780390297310109671e-01 7.392717123255864164e-01
2.511886431509582351e-01 1.584893192461113431e-01 3.292146540067382721e-01 9.008698180608427641e-01
2.511886431509582351e-01 1.995262314968879735e-01 3.826678975022585472e-01 1.076512715372733631e+00
2.511886431509582351e-01 2.511886431509580131e-01 4.360288513994747817e-01 1.258878289546141449e+00
2.511886431509582351e-01 3.162277660168379412e-01 4.873873493456133410e-01 1.440886663988280691e+00
2.511886431509582351e-01 3.981071705534973137e-01 5.341332062983555895e-01 1.612526430443061098e+00
2.511886431509582351e-01 5.011872336272723549e-01 5.752615740928070931e-01 1.768159465460217739e+00
2.511886431509582351e-01 6.309573444801933606e-01 6.098853247752928919e-01 1.902682217036164358e+00
2.511886431509582351e-01 7.943282347242814900e-01 6.378201511384484768e-01 2.013706145232506906e+00
2.511886431509582351e-01 1.000000000000000000e+00 0.000000000000000000e+00 0.000000000000000000e+00
2.511886431509582351e-01 1.258925411794167504e+00 6.413348050171223669e-01 2.050170175890423163e+00
2.511886431509582351e-01 1.584893192461114042e+00 6.384353244756330037e-01 2.048179684706168846e+00
2.511886431509582351e-01 1.995262314968879735e+00 6.340726190202006229e-01 2.038861823866921608e+00
2.511886431509582351e-01 2.511886431509581019e+00 6.442554259234928304e-01 2.084140178633693719e+00
2.511886431509582351e-01 3.162277660168379523e+00 6.432535092431956869e-01 2.086067069155062903e+00
2.511886431509582351e-01 3.981071705534973137e+00 6.394078058695658040e-01 2.077976584933367121e+00
2.511886431509582351e-01 5.011872336272724660e+00 6.361739924790297263e-01 2.071264774173534828e+00
2.511886431509582351e-01 6.309573444801933384e+00 6.307734914639993029e-01 2.056902050799341186e+00
2.511886431509582351e-01 7.943282347242817565e+00 6.258294548677523217e-01 2.043638601940457544e+00
2.511886431509582351e-01 1.000000000000000000e+01 6.193203016084758428e-01 2.024768412069664958e+00
2.511886431509582351e-01 1.258925411794167459e+01 6.132714105596499543e-01 2.007087411851932401e+00
2.511886431509582351e-01 1.584893192461114175e+01 6.059891951113393072e-01 1.984978154877142797e+00
2.511886431509582351e-01 1.995262314968880801e+01 5.990649177239542045e-01 1.963767935302629164e+00
2.511886431509582351e-01 2.511886431509581996e+01 5.914330341367259880e-01 1.940016689484188372e+00
2.511886431509582351e-01 3.162277660168379256e+01 5.841458719941522437e-01 1.917200650410279206e+00
2.511886431509582351e-01 3.981071705534973404e+01 5.761977504036390751e-01 1.891996183783858809e+00
2.511886431509582351e-01 5.011872336272725192e+01 5.688363090910543152e-01 1.868761363066933967e+00
2.511886431509582351e-01 6.309573444801936404e+01 5.610289913271355733e-01 1.843851869062000937e+00
2.511886431509582351e-01 7.943282347242821118e+01 5.534848657396842508e-01 1.819707309655783867e+00
2.511886431509582351e-01 1.000000000000000000e+02 5.457030758445081675e-01 1.794669967312381376e+00
2.511886431509582351e-01 1.258925411794167530e+02 5.385647846204841827e-01 1.771750139187399542e+00
2.511886431509582351e-01 1.584893192461114211e+02 5.312995456730333910e-01 1.748343535610777932e+00
2.511886431509582351e-01 1.995262314968880730e+02 5.238908192261321206e-01 1.724455357686848878e+00
2.511886431509582351e-01 2.511886431509582280e+02 5.170370870713318912e-01 1.702377085132827483e+00
2.511886431509582351e-01 3.162277660168379612e+02 5.101179757642703150e-01 1.680048132788889870e+00
2.511886431509582351e-01 3.981071705534973262e+02 5.035860052008016563e-01 1.658969873827693453e+00
2.511886431509582351e-01 5.011872336272724624e+02 4.970373496441837236e-01 1.637814738374760548e+00
2.511886431509582351e-01 6.309573444801936830e+02 4.905808605573665493e-01 1.616973005070301284e+00
2.511886431509582351e-01 7.943282347242821970e+02 4.844586433258628033e-01 1.597201037954208092e+00
2.511886431509582351e-01 1.000000000000000000e+03 4.782297911221755626e-01 1.577080127946437926e+00
2.511886431509582351e-01 1.258925411794168667e+03 4.723897962401180650e-01 1.558226201645489084e+00
2.511886431509582351e-01 1.584893192461114040e+03 4.666098829819174676e-01 1.539551138912830019e+00
2.511886431509582351e-01 1.995262314968878854e+03 4.609118795865628226e-01 1.521139950590762124e+00
2.511886431509582351e-01 2.511886431509582053e+03 4.554372195443365245e-01 1.503403504854727846e+00
2.511886431509582351e-01 3.162277660168379498e+03 4.499562468698100060e-01 1.485642799588224428e+00
2.511886431509582351e-01 3.981071705534977355e+03 4.448051033917738706e-01 1.468987410468098442e+00
2.511886431509582351e-01 5.011872336272725079e+03 4.396682539039605264e-01 1.452378138477723013e+00
2.511886431509582351e-01 6.309573444801942969e+03 4.346014988336357465e-01 1.436043226572521814e+00
2.511886431509582351e-01 7.943282347242821743e+03 4.298439422083572548e-01 1.420727892624135791e+00
2.511886431509582351e-01 1.000000000000000000e+04 4.250799806581878615e-01 1.405387326667959735e+00
2.511886431509582351e-01 1.258925411794168758e+04 4.205130111464340792e-01 1.390645086247334739e+00
2.511886431509582351e-01 1.584893192461114086e+04 4.159945603363749411e-01 1.376045927834593341e+00
2.511886431509582351e-01 1.995262314968882856e+04 4.114751564081013391e-01 1.361443104260479764e+00
2.511886431509582351e-01 2.511886431509582326e+04 4.070879387263784954e-01 1.347266263614654624e+00
2.511886431509582351e-01 3.162277660168379225e+04 4.028749207821604728e-01 1.333640636530058377e+00
2.511886431509582351e-01 3.981071705534977082e+04 3.986614348216189763e-01 1.320013209401873056e+00
2.511886431509582351e-01 5.011872336272725079e+04 3.945252143595727734e-01 1.306649400182790632e+00
2.511886431509582351e-01 6.309573444801942969e+04 3.906084416635772216e-01 1.293968938092550758e+00
2.511886431509582351e-01 7.943282347242820833e+04 3.866914395071088251e-01 1.281287593777841183e+00
2.511886431509582351e-01 1.000000000000000000e+05 3.827742569603987399e-01 1.268605556133855394e+00
2.511886431509582351e-01 1.258925411794168758e+05 3.791043447832480595e-01 1.256773859880621957e+00
2.511886431509582351e-01 1.584893192461114086e+05 3.754728328314623220e-01 1.245061634597315336e+00
2.511886431509582351e-01 1.995262314968883002e+05 3.718412324385062528e-01 1.233349069778416185e+00
2.511886431509582351e-01 2.511886431509582035e+05 3.682958923831584630e-01 1.221900114992566566e+00
2.511886431509582351e-01 3.162277660168379080e+05 3.648706467260148800e-01 1.210819646448824560e+00
2.511886431509582351e-01 3.981071705534977373e+05 3.614453582240062524e-01 1.199739013788743813e+00
2.511886431509582351e-01 5.011872336272724788e+05 3.580656709217869271e-01 1.188814696057156839e+00
2.511886431509582351e-01 6.309573444801942678e+05 3.548166774936654666e-01 1.178305466591273332e+00
2.511886431509582351e-01 7.943282347242821706e+05 3.515676636054830273e-01 1.167796159084827590e+00
2.511886431509582351e-01 1.000000000000000000e+06 3.483186338775945967e-01 1.157286791373291379e+00
2.511886431509582351e-01 1.258925411794168642e+06 3.483186825015148758e-01 1.157286979350117706e+00
2.511886431509582351e-01 1.584893192461114144e+06 3.483187211248947590e-01 1.157287128665528408e+00
2.511886431509582351e-01 1.995262314968882827e+06 3.483187518045521291e-01 1.157287247271041597e+00
2.511886431509582351e-01 2.511886431509582326e+06 3.483187761742806976e-01 1.157287341482791998e+00
2.511886431509582351e-01 3.162277660168379545e+06 3.483187955318506335e-01 1.157287416317872131e+00
2.511886431509582351e-01 3.981071705534977373e+06 3.483188109081197248e-01 1.157287475761508144e+00
2.511886431509582351e-01 5.011872336272724904e+06 3.483188231219269682e-01 1.157287522979277394e+00
2.511886431509582351e-01 6.309573444801942445e+06 3.483188328237001863e-01 1.157287560485689815e+00
2.511886431509582351e-01 7.943282347242821939e+06 3.480516062852944126e-01 1.156332457293372862e+00
2.511886431509582351e-01 1.000000000000000000e+07 3.483188466515002579e-01 1.157287613943049021e+00
2.511886431509582351e-01 1.258925411794166267e+07 3.483188515139073460e-01 1.157287632740792827e+00
2.511886431509582351e-01 1.584893192461117357e+07 3.483188553762543993e-01 1.157287647672371023e+00
2.511886431509582351e-01 1.995262314968882874e+07 3.483188584442256097e-01 1.157287659532944435e+00
2.511886431509582351e-01 2.511886431509582326e+07 3.483015115004601814e-01 1.157218599825668104e+00
2.511886431509582351e-01 3.162277660168379173e+07 3.483188628169616163e-01 1.157287676437652513e+00
2.511886431509582351e-01 3.981071705534969270e+07 3.483188643545899188e-01 1.157287682382021732e+00
2.511886431509582351e-01 5.011872336272735149e+07 3.483188655759714702e-01 1.157287687103802032e+00
2.511886431509582351e-01 6.309573444801943004e+07 3.483188665461494637e-01 1.157287690854446272e+00
2.511886431509582351e-01 7.943282347242821753e+07 3.483188673167890714e-01 1.157287693833688014e+00
2.511886431509582351e-01 1.000000000000000000e+08 3.483188679289301870e-01 1.157287696200185234e+00
2.511886431509582351e-01 1.258925411794166118e+08 3.483188684151711234e-01 1.157287698079960236e+00
2.511886431509582351e-01 1.584893192461117506e+08 3.483188688014060563e-01 1.157287699573118944e+00
2.511886431509582351e-01 1.995262314968882799e+08 3.483188691082031996e-01 1.157287700759176419e+00
2.511886431509582351e-01 2.511886431509582102e+08 3.483188693519008172e-01 1.157287701701295246e+00
2.511886431509582351e-01 3.162277660168379545e+08 3.483188695454765282e-01 1.157287702449646183e+00
2.511886431509582351e-01 3.981071705534985662e+08 3.483188696992393085e-01 1.157287703044082683e+00
2.511886431509582351e-01 5.011872336272735000e+08 3.480516355689853292e-01 1.156332570498066703e+00
2.511886431509582351e-01 6.309573444801943302e+08 3.483188699183956683e-01 1.157287703891326736e+00
2.511886431509582351e-01 7.943282347242821455e+08 3.483188699954595235e-01 1.157287704189250865e+00
2.511886431509582351e-01 1.000000000000000000e+09 3.483188700566736684e-01 1.157287704425900676e+00
2.511886431509582351e-01 1.258925411794171333e+09 3.483188701052976066e-01 1.157287704613877644e+00
2.511886431509582351e-01 1.584893192461117268e+09 3.483188701439214330e-01 1.157287704763194425e+00
2.511886431509582351e-01 1.995262314968882799e+09 3.480516359221170197e-01 1.156332571863200931e+00
2.511886431509582351e-01 2.511886431509582043e+09 3.483188701989704539e-01 1.157287704976010412e+00
2.511886431509582351e-01 3.162277660168379307e+09 3.483188702183284691e-01 1.157287705050847659e+00
2.511886431509582351e-01 3.981071705534985542e+09 3.483188702337046139e-01 1.157287705110290554e+00
2.511886431509582351e-01 5.011872336272735596e+09 3.483188702459187325e-01 1.157287705157509450e+00
2.511886431509582351e-01 6.309573444801942825e+09 3.483188702556200278e-01 1.157287705195013894e+00
2.511886431509582351e-01 7.943282347242821693e+09 3.483188702633266409e-01 1.157287705224807173e+00
2.511886431509582351e-01 1.000000000000000000e+10 3.483015208863922130e-01 1.157218636110481036e+00
