1.258925411794166102e-02 1.000000000000000056e-01 2.855985839782101410e-01 2.957114636015568454e+00
1.258925411794166102e-02 1.258925411794167282e-01 3.320458598274917961e-01 3.589948348479259810e+00
1.258925411794166102e-02 1.584893192461113431e-01 3.834499744018912137e-01 4.269142628609313483e+00
1.258925411794166102e-02 1.995262314968879735e-01 4.381105630207344781e-01 4.946660355198265968e+00
1.258925411794166102e-02 2.511886431509580131e-01 5.274504698238179357e-01 6.754908970716753558e+00
1.258925411794166102e-02 3.162277660168379412e-01 5.957201734282038252e-01 7.832793717438776504e+00
1.258925411794166102e-02 3.981071705534973137e-01 6.626492187274870549e-01 8.816345357471895738e+00
1.258925411794166102e-02 5.011872336272723549e-01 7.276933622025680837e-01 9.705044860520677830e+00
1.258925411794166102e-02 6.309573444801933606e-01 7.914328402112031924e-01 1.059647410063299589e+01
1.258925411794166102e-02 7.943282347242814900e-01 8.521260642578112332e-01 1.145399045632789026e+01
1.258925411794166102e-02 1.000000000000000000e+00 9.323224723037633055e-01 1.290474960001890636e+01
1.258925411794166102e-02 1.258925411794167504e+00 1.014773227522115295e+00 1.452548686001421352e+01
1.258925411794166102e-02 1.584893192461114042e+00 1.096939777189218646e+00 1.633660906195368767e+01
1.258925411794166102e-02 1.995262314968879735e+00 1.179823058219582776e+00 1.832565774040482509e+01
1.258925411794166102e-02 2.511886431509581019e+00 1.261515782695322052e+00 2.050447833551717380e+01
1.258925411794166102e-02 3.162277660168379523e+00 1.340490949332109771e+00 2.275376422185121683e+01
1.258925411794166102e-02 3.981071705534973137e+00 1.418452886681708325e+00 2.514685848036645055e+01
1.258925411794166102e-02 5.011872336272724660e+00 1.492573423138960909e+00 2.755687215039681703e+01
1.258925411794166102e-02 6.309573444801933384e+00 1.564871237604962051e+00 2.995791755728766503e+01
1.258925411794166102e-02 7.943282347242817565e+00 1.631556951161445834e+00 3.224187308179135414e+01
1.258925411794166102e-02 1.000000000000000000e+01 1.698756981099035723e+00 3.459980168943791057e+01
1.258925411794166102e-02 1.258925411794167459e+01 1.761817729209290029e+00 3.681025587922140119e+01
1.258925411794166102e-02 1.584893192461114175e+01 1.819344399612648377e+00 3.890179324266342320e+01
1.258925411794166102e-02 1.995262314968880801e+01 1.875658837574103011e+00 4.087372776605368330e+01
1.258925411794166102e-02 2.511886431509581996e+01 1.927520492931680929e+00 4.278480980774983777e+01
1.258925411794166102e-02 3.162277660168379256e+01 1.979216715219707545e+00 4.460474506067306777e+01
1.258925411794166102e-02 3.981071705534973404e+01 2.026062780557337906e+00 4.632835321474634327e+01
1.258925411794166102e-02 5.011872336272725192e+01 2.073600331110803996e+00 4.798321845167349409e+01
1.258925411794166102e-02 6.309573444801936404e+01 2.115899912051126375e+00 4.951719876657716668e+01
1.258925411794166102e-02 7.943282347242821118e+01 2.155351979808704854e+00 5.093054202558249699e+01
1.258925411794166102e-02 1.000000000000000000e+02 2.198100753753799541e+00 5.239455345945320630e+01
1.258925411794166102e-02 1.258925411794167530e+02 2.234123994423709902e+00 5.367620154825392120e+01
1.258925411794166102e-02 1.584893192461114211e+02 2.271118201138839776e+00 5.495420257467608138e+01
1.258925411794166102e-02 1.995262314968880730e+02 2.309331085509208403e+00 5.625256794698014318e+01
1.258925411794166102e-02 2.511886431509582280e+02 2.341770655644323185e+00 5.738084038494488937e+01
1.258925411794166102e-02 3.162277660168379612e+02 2.379238433331315683e+00 5.862465401188220682e+01
1.258925411794166102e-02 3.981071705534973262e+02 2.409581064200656098e+00 5.967144181263602576e+01
1.258925411794166102e-02 5.011872336272724624e+02 2.440806305530787146e+00 6.073071033389814488e+01
1.258925411794166102e-02 6.309573444801936830e+02 2.473534243947965283e+00 6.182167102920038815e+01
1.258925411794166102e-02 7.943282347242821970e+02 2.500964383819123782e+00 6.276111805850349157e+01
1.258925411794166102e-02 1.000000000000000000e+03 2.533835774487932735e+00 6.384270291567658262e+01
1.258925411794166102e-02 1.258925411794168667e+03 2.559307851716726923e+00 6.471715911014413791e+01
1.258925411794166102e-02 1.584893192461114040e+03 2.586530507239741095e+00 6.563276111626971954e+01
1.258925411794166102e-02 1.995262314968878854e+03 2.615282223040142018e+00 6.658113106759485333e+01
1.258925411794166102e-02 2.511886431509582053e+03 2.639090987835070123e+00 6.739411726868677022e+01
1.258925411794166102e-02 3.162277660168379498e+03 2.667685022260096073e+00 6.833630570326666032e+01
1.258925411794166102e-02 3.981071705534977355e+03 2.690262716639409746e+00 6.910589990902198565e+01
1.258925411794166102e-02 5.011872336272725079e+03 2.713932376010287584e+00 6.990235174985133426e+01
1.258925411794166102e-02 6.309573444801942969e+03 2.741935013062987814e+00 7.080970638534483896e+01
1.258925411794166102e-02 7.943282347242821743e+03 2.764726156674332636e+00 7.157073935349133365e+01
1.258925411794166102e-02 1.000000000000000000e+04 2.785437615260623723e+00 7.227484573794791345e+01
1.258925411794166102e-02 1.258925411794168758e+04 2.804642371174504767e+00 7.293161129817043786e+01
1.258925411794166102e-02 1.584893192461114086e+04 2.823836817062195692e+00 7.358779183804045942e+01
1.258925411794166102e-02 1.995262314968882856e+04 2.847235348494538965e+00 7.435683968249013276e+01
1.258925411794166102e-02 2.511886431509582326e+04 2.868293883291890722e+00 7.505920172493608788e+01
1.258925411794166102e-02 3.162277660168379225e+04 2.886001251875729867e+00 7.566849077851971117e+01
1.258925411794166102e-02 3.981071705534977082e+04 2.905964767141600902e+00 7.633934391418765131e+01
1.258925411794166102e-02 5.011872336272725079e+04 2.929077380595600744e+00 7.709177535722844254e+01
1.258925411794166102e-02 6.309573444801942969e+04 2.949530810038507145e+00 7.776505992359106756e+01
1.258925411794166102e-02 7.943282347242820833e+04 2.965843415361156588e+00 7.832816313323911572e+01
1.258925411794166102e-02 1.000000000000000000e+05 2.982154172092665867e+00 7.889115985075713411e+01
1.258925411794166102e-02 1.258925411794168758e+05 2.997183518310400085e+00 7.941061490118444510e+01
1.258925411794166102e-02 1.584893192461114086e+05 3.012211683416736285e+00 7.993000177237951220e+01
1.258925411794166102e-02 1.995262314968883002e+05 3.031122015287784244e+00 8.055045694876368145e+01
1.258925411794166102e-02 2.511886431509582035e+05 3.048053304436908473e+00 8.111568271677947450e+01
1.258925411794166102e-02 3.162277660168379080e+05 3.062030331160469743e+00 8.160123968227448188e+01
1.258925411794166102e-02 3.981071705534977373e+05 3.077907964594378321e+00 8.214261504336165842e+01
1.258925411794166102e-02 5.011872336272724788e+05 3.096696453739635757e+00 8.276190336610478937e+01
1.258925411794166102e-02 6.309573444801942678e+05 3.113507657220992098e+00 8.331566522145764964e+01
1.258925411794166102e-02 7.943282347242821706e+05 3.126418429215170658e+00 8.376692243783043068e+01
1.258925411794166102e-02 1.000000000000000000e+06 3.139328995510633824e+00 8.421816765696640061e+01
1.258925411794166102e-02 1.258925411794168642e+06 3.139329646550638842e+00 8.421820579899234360e+01
1.258925411794166102e-02 1.584893192461114144e+06 3.139330163690318365e+00 8.421823609629896623e+01
1.258925411794166102e-02 1.995262314968882827e+06 3.139330574469106239e+00 8.421826016231680967e+01
1.258925411794166102e-02 2.511886431509582326e+06 3.139330900762385745e+00 8.421827927864165986e+01
1.258925411794166102e-02 3.162277660168379545e+06 3.139331159946405769e+00 8.421829446328298729e+01
1.258925411794166102e-02 3.981071705534977373e+06 3.139331365823624154e+00 8.421830652487520297e+01
1.258925411794166102e-02 5.011872336272724904e+06 3.139331529357734851e+00 8.421831610574025717e+01
1.258925411794166102e-02 6.309573444801942445e+06 3.139331659257508012e+00 8.421832371609302470e+01
1.258925411794166102e-02 7.943282347242821939e+06 3.139331762440578544e+00 8.421832976121201852e+01
1.258925411794166102e-02 1.000000000000000000e+07 3.139331844401808347e+00 8.421833456302108800e+01
1.258925411794166102e-02 1.258925411794166267e+07 3.139331909505931328e+00 8.421833837723394822e+01
1.258925411794166102e-02 1.584893192461117357e+07 3.139331961219975931e+00 8.421834140697096416e+01
1.258925411794166102e-02 1.995262314968882874e+07 3.139332002297903657e+00 8.421834381357692223e+01
1.258925411794166102e-02 2.511886431509582326e+07 3.139332034927261095e+00 8.421834572521190410e+01
1.258925411794166102e-02 3.162277660168379173e+07 3.139332060845681838e+00 8.421834724367762703e+01
1.258925411794166102e-02 3.981071705534969270e+07 3.139332081433417798e+00 8.421834844983791868e+01
1.258925411794166102e-02 5.011872336272735149e+07 3.139332097786835085e+00 8.421834940792504653e+01
1.258925411794166102e-02 6.309573444801943004e+07 3.137847586900441410e+00 8.421319257617285814e+01
1.258925411794166102e-02 7.943282347242821753e+07 3.139332121095127270e+00 8.421835077347284937e+01
1.258925411794166102e-02 1.000000000000000000e+08 3.139332129291252826e+00 8.421835125365400643e+01
1.258925411794166102e-02 1.258925411794166118e+08 3.139332135801666368e+00 8.421835163507533650e+01
1.258925411794166102e-02 1.584893192461117506e+08 3.139332140973071006e+00 8.421835193804915320e+01
1.258925411794166102e-02 1.995262314968882799e+08 3.139332145080864223e+00 8.421835217870977885e+01
1.258925411794166102e-02 2.511886431509582102e+08 3.139332148343801698e+00 8.421835236987332962e+01
1.258925411794166102e-02 3.162277660168379545e+08 3.139332150935642218e+00 8.421835252171983655e+01
1.258925411794166102e-02 3.981071705534985662e+08 3.139332152994416703e+00 8.421835264233587282e+01
1.258925411794166102e-02 5.011872336272735000e+08 3.139332154629757454e+00 8.421835273814464529e+01
1.258925411794166102e-02 6.309573444801943302e+08 3.139332155928756585e+00 8.421835281424824871e+01
1.258925411794166102e-02 7.943282347242821455e+08 3.139332156960587206e+00 8.421835287469941989e+01
1.258925411794166102e-02 1.000000000000000000e+09 3.139332157780200916e+00 8.421835292271748585e+01
1.258925411794166102e-02 1.258925411794171333e+09 3.139332158431242803e+00 8.421835296085966149e+01
1.258925411794166102e-02 1.584893192461117268e+09 3.139332158948382023e+00 8.421835299115703322e+01
1.258925411794166102e-02 1.995262314968882799e+09 3.139332159359161434e+00 8.421835301522310147e+01
1.258925411794166102e-02 2.511886431509582043e+09 3.139332159685454648e+00 8.421835303433947217e+01
1.258925411794166102e-02 3.162277660168379307e+09 3.139332159944638434e+00 8.421835304952411150e+01
1.258925411794166102e-02 3.981071705534985542e+09 3.139332160150516415e+00 8.421835306158574497e+01
1.258925411794166102e-02 5.011872336272735596e+09 3.139332160314051379e+00 8.421835307116658953e+01
1.258925411794166102e-02 6.309573444801942825e+09 3.139332160443951025e+00 8.421835307877697119e+01
1.258925411794166102e-02 7.943282347242821693e+09 3.139332160547135153e+00 8.421835308482209825e+01
1.258925411794166102e-02 1.000000000000000000e+10 3.139332160629094481e+00 8.421835308962391764e+01
