0.012589254117941661 0.1 0.31499222108198704 0.05562793316168779
0.012589254117941661 0.12589254117941673 0.36901557354461545 0.07301998768217598
0.012589254117941661 0.15848931924611134 0.42944727896639123 0.09421079727969955
0.012589254117941661 0.19952623149688797 0.4941723589563639 0.11871597358192976
0.012589254117941661 0.251188643150958 0.5716694737239466 0.1433248404824523
0.012589254117941661 0.31622776601683794 0.6494861008845736 0.1701570506146511
0.012589254117941661 0.3981071705534973 0.7277275390285778 0.19641685141613674
0.012589254117941661 0.5011872336272724 0.8042815627009633 0.2206375854784046
0.012589254117941661 0.6309573444801934 0.8789480778954071 0.2418429619831954
0.012589254117941661 0.7943282347242815 0.9490896198163506 0.2586382417678861
0.012589254117941661 1.0 1.0408574197938425 0.27344142548389133
0.012589254117941661 1.2589254117941675 1.1334634123803569 0.28212043396611713
0.012589254117941661 1.584893192461114 1.2242305536765024 0.28458485484913093
0.012589254117941661 1.9952623149688797 1.3146427752283691 0.2818183369595565
0.012589254117941661 2.511886431509581 1.4030045561526978 0.27403251864549427
0.012589254117941661 3.1622776601683795 1.487916437699485 0.2631806233407185
0.012589254117941661 3.981071705534973 1.5712410708975493 0.24893155797965438
0.012589254117941661 5.011872336272725 1.650064621396079 0.2324464630883575
0.012589254117941661 6.309573444801933 1.726750152009363 0.21526038052436308
0.012589254117941661 7.943282347242818 1.7973524761841797 0.19816159252741816
0.012589254117941661 10.0 1.8682921113156397 0.1795546736097003
0.012589254117941661 12.589254117941675 1.9347005804113526 0.1615973100907389
0.012589254117941661 15.848931924611142 1.9953821930555713 0.14438538914039145
0.012589254117941661 19.952623149688808 2.054662972312874 0.12815441669855138
0.012589254117941661 25.11886431509582 2.1094009810102716 0.1121573689765163
0.012589254117941661 31.622776601683793 2.1636802640571426 0.09687348825608441
0.012589254117941661 39.810717055349734 2.21295874735776 0.08226803477507445
0.012589254117941661 50.11872336272725 2.2629100345315063 0.06826204201845958
0.012589254117941661 63.095734448019364 2.307554719134932 0.05537625568733543
0.012589254117941661 79.43282347242821 2.3492413404964525 0.04345732287191933
0.012589254117941661 100.0 2.3942730717759284 0.031182542544260953
0.012589254117941661 125.89254117941675 2.4322792708339995 0.02048084701588155
0.012589254117941661 158.48931924611142 2.4712771436044276 0.009889185544122632
0.012589254117941661 199.52623149688807 2.5114763906381805 -0.0009959663744814474
0.012589254117941661 251.18864315095823 2.545745022179439 -0.010251410266364058
0.012589254117941661 316.22776601683796 2.585126952024616 -0.020665010023919652
0.012589254117941661 398.1071705534973 2.6172104405595795 -0.029299950251044368
0.012589254117941661 501.18723362727246 2.6501866119075155 -0.0380274062352234
0.012589254117941661 630.9573444801937 2.6846835487135863 -0.047102927063079815
0.012589254117941661 794.3282347242822 2.7137962968710014 -0.05474752894590713
0.012589254117941661 1000.0 2.7482857818198276 -0.06380036085773039
0.012589254117941661 1258.9254117941687 2.775286950112452 -0.07089955563022837
0.012589254117941661 1584.893192461114 2.804080854941607 -0.07838185776635241
0.012589254117941661 1995.2623149688789 2.834400157898613 -0.08621117673039341
0.012589254117941661 2511.886431509582 2.8596116073973716 -0.09277313997288177
0.012589254117941661 3162.2776601683795 2.8896525103053015 -0.10064527203780489
0.012589254117941661 3981.0717055349774 2.9135564187674614 -0.10687226805262481
0.012589254117941661 5011.872336272725 2.938597166063588 -0.11334140373324805
0.012589254117941661 6309.573444801943 2.968080935113788 -0.12096253245349395
0.012589254117941661 7943.282347242822 2.9922396731395486 -0.12722487359213897
0.012589254117941661 10000.0 3.0143026747402857 -0.1328878869453459
0.012589254117941661 12589.254117941688 3.0346422047417327 -0.13815088716981797
0.012589254117941661 15848.93192461114 3.054971237772436 -0.14340722952440457
0.012589254117941661 19952.62314968883 3.0796329182568196 -0.14975506929482557
0.012589254117941661 25118.864315095823 3.1019531737357893 -0.1554666509581334
0.012589254117941661 31622.776601683792 3.1208715975279695 -0.1602835205266839
0.012589254117941661 39810.71705534977 3.1420723714703254 -0.16569255961053264
0.012589254117941661 50118.72336272725 3.1664156235331165 -0.17192117315841712
0.012589254117941661 63095.73444801943 3.1879827684514437 -0.177453868914411
0.012589254117941661 79432.82347242821 3.2053311149032333 -0.1819460280337749
0.012589254117941661 100000.0 3.2226775823944993 -0.1864369655987359
0.012589254117941661 125892.54117941688 3.238726525734534 -0.1905302793574261
0.012589254117941661 158489.3192461114 3.2547742690324686 -0.19462281047197066
0.012589254117941661 199526.2314968883 3.2747767712807354 -0.19967621243694114
0.012589254117941661 251188.6431509582 3.2927453873682784 -0.2041844051340198
0.012589254117941661 316227.7660168379 3.3076913641547634 -0.20792023315147612
0.012589254117941661 398107.17055349774 3.324602029657523 -0.21220606730444486
0.012589254117941661 501187.2336272725 3.344480699121241 -0.21725472486869699
0.012589254117941661 630957.3444801943 3.362276219896545 -0.22169595991782629
0.012589254117941661 794328.2347242822 3.3761069183832646 -0.2252320931663169
0.012589254117941661 1000000.0 3.389937408620219 -0.22876808800191922
0.012589254117941661 1258925.4117941686 3.3899380697443546 -0.22876852856752466
0.012589254117941661 1584893.1924611141 3.3899385948941454 -0.2287688785214546
0.012589254117941661 1995262.3149688828 3.3899390120355903 -0.2287691564998878
0.012589254117941661 2511886.4315095823 3.389939343382909 -0.22876937730609806
0.012589254117941661 3162277.6601683795 3.3899396065814944 -0.2287695526987638
0.012589254117941661 3981071.7055349774 3.389939815647596 -0.22876969201814626
0.012589254117941661 5011872.336272725 3.3899399817147273 -0.2287698026834884
0.012589254117941661 6309573.444801942 3.3899401136265506 -0.22876989058810832
0.012589254117941661 7943282.347242822 3.389940218407849 -0.22876996041324027
0.012589254117941661 10000000.0 3.3899403016385956 -0.22877001587731907
0.012589254117941661 12589254.117941663 3.389940367751133 -0.22877005993400792
0.012589254117941661 15848931.924611174 3.3899404202661887 -0.22877009492947972
0.012589254117941661 19952623.14968883 3.389940461980382 -0.22877012272737468
0.012589254117941661 25118864.315095823 3.3899404951151437 -0.22877014480802638
0.012589254117941661 31622776.60168379 3.3899405214350207 -0.22877016234731373
0.012589254117941661 39810717.05534969 3.3899405423416455 -0.22877017627926466
0.012589254117941661 50118723.36272735 3.389940558948364 -0.22877018734580648
0.012589254117941661 63095734.44801943 3.3884191904717165 -0.22889241665250518
0.012589254117941661 79432823.47242822 3.389940582617685 -0.22877020311879043
0.012589254117941661 100000000.0 3.3899405909407614 -0.22877020866520048
0.012589254117941661 125892541.17941661 3.389940597552017 -0.22877021307086998
0.012589254117941661 158489319.24611175 3.3899406028035224 -0.22877021657041854
0.012589254117941661 199526231.49688828 3.389940606974942 -0.22877021935020855
0.012589254117941661 251188643.1509582 3.389940610288421 -0.22877022155827403
0.012589254117941661 316227766.01683795 3.389940612920406 -0.22877022331220254
0.012589254117941661 398107170.55349857 3.38994061501107 -0.22877022470539757
0.012589254117941661 501187233.6272735 3.3899406166717405 -0.22877022581205256
0.012589254117941661 630957344.4801943 3.3899406179908604 -0.22877022669109923
0.012589254117941661 794328234.7242821 3.3899406190386734 -0.22877022738935113
0.012589254117941661 1000000000.0 3.389940619870982 -0.22877022794399107
0.012589254117941661 1258925411.7941713 3.3899406205321085 -0.22877022838455865
0.012589254117941661 1584893192.4611173 3.3899406210572574 -0.22877022873451383
0.012589254117941661 1995262314.9688828 3.3899406214743992 -0.22877022901249267
0.012589254117941661 2511886431.509582 3.3899406218057475 -0.22877022923329973
0.012589254117941661 3162277660.1683793 3.3899406220689454 -0.22877022940869182
0.012589254117941661 3981071705.5349855 3.3899406222780124 -0.22877022954801185
0.012589254117941661 5011872336.272736 3.3899406224440805 -0.22877022965867697
0.012589254117941661 6309573444.801943 3.389940622575992 -0.2287702297465813
0.012589254117941661 7943282347.242822 3.3899406226807742 -0.2287702298164068
0.012589254117941661 10000000000.0 3.3899406227640023 -0.22877022987187098
