0.25118864315095824 0.1 0.37244515604555095 0.2463433041780143
0.25118864315095824 0.12589254117941673 0.45634426911732195 0.31132470446729166
0.25118864315095824 0.15848931924611134 0.550729932250903 0.38740998209589306
0.25118864315095824 0.19952623149688797 0.653501657649522 0.47357554346381175
0.25118864315095824 0.251188643150958 0.7607508337247517 0.5670230259706203
0.25118864315095824 0.31622776601683794 0.8685129031508424 0.6643650851415444
0.25118864315095824 0.3981071705534973 0.9711865437898042 0.760324243612886
0.25118864315095824 0.5011872336272724 1.0652354234649346 0.8508760242705711
0.25118864315095824 0.6309573444801934 1.147473892174076 0.93209030312132
0.25118864315095824 0.7943282347242815 1.2162450758697032 1.001374193478422
0.25118864315095824 1.0 0.0 0.0
0.25118864315095824 1.2589254117941675 1.2637828479899311 1.062135649856508
0.25118864315095824 1.584893192461114 1.273703731250633 1.0780266538905872
0.25118864315095824 1.9952623149688797 1.2782175252709642 1.0877968781120402
0.25118864315095824 2.511886431509581 1.2812831305459136 1.0882839938202487
0.25118864315095824 3.1622776601683795 1.2812202537044288 1.0878010524300195
0.25118864315095824 3.981071705534973 1.2752972049400353 1.080999300790046
0.25118864315095824 5.011872336272725 1.2702519100836478 1.074296459869902
0.25118864315095824 6.309573444801933 1.2611476307793636 1.0637574798307925
0.25118864315095824 7.943282347242818 1.2525805874818126 1.0537973167392443
0.25118864315095824 10.0 1.2413175598476611 1.041693426770879
0.25118864315095824 12.589254117941675 1.230842590839579 1.0306069692537063
0.25118864315095824 15.848931924611142 1.2183500105193932 1.0182047806946186
0.25118864315095824 19.952623149688808 1.2064429684854758 1.006730533642092
0.25118864315095824 25.11886431509582 1.1933106404990834 0.9945115975258499
0.25118864315095824 31.622776601683793 1.180775529501911 0.9830861411422629
0.25118864315095824 39.810717055349734 1.167233016143958 0.971171067561924
0.25118864315095824 50.11872336272725 1.1544169713739285 0.9600125820334269
0.25118864315095824 63.095734448019364 1.141007656333262 0.9487002949716296
0.25118864315095824 79.43282347242821 1.1281124607561532 0.9378645559780997
0.25118864315095824 100.0 1.1148592962986004 0.9269400361423765
0.25118864315095824 125.89254117941675 1.1024507061913325 0.9167580050912181
0.25118864315095824 158.48931924611142 1.089865600166122 0.906535570832313
0.25118864315095824 199.52623149688807 1.0770351722408482 0.8962266831241441
0.25118864315095824 251.18864315095823 1.0650631648428859 0.8866109697455128
0.25118864315095824 316.22776601683796 1.0530013262758604 0.8769763381773723
0.25118864315095824 398.1071705534973 1.041619255170155 0.8679165543607464
0.25118864315095824 501.18723362727246 1.0302223096952434 0.8588774557185435
0.25118864315095824 630.9573444801937 1.0189018370710077 0.8499174513498482
0.25118864315095824 794.3282347242822 1.0080967374518066 0.8413739445731159
0.25118864315095824 1000.0 0.9971136556420271 0.8327025913756725
0.25118864315095824 1258.9254117941687 0.986785192857007 0.8245379972813158
0.25118864315095824 1584.893192461114 0.9765870838671258 0.8164900888809776
0.25118864315095824 1995.2623149688789 0.9665253670707278 0.8085590099870553
0.25118864315095824 2511.886431509582 0.956921089600088 0.801013607539242
0.25118864315095824 3162.2776601683795 0.9473082110480636 0.7934665666679228
0.25118864315095824 3981.0717055349774 0.9381098388108915 0.7862016196068724
0.25118864315095824 5011.872336272725 0.9289290359545307 0.7789510309513185
0.25118864315095824 6309.573444801943 0.9197680105571764 0.7717128053831944
0.25118864315095824 7943.282347242822 0.9110942144397213 0.7648818754558361
0.25118864315095824 10000.0 0.9024202736847066 0.7580479465561231
0.25118864315095824 12589.254117941688 0.8941423703517214 0.7515063743830704
0.25118864315095824 15848.93192461114 0.8859760704114272 0.7450570438173356
0.25118864315095824 19952.62314968883 0.87780847014685 0.7386074615817343
0.25118864315095824 25118.864315095823 0.8698539353597485 0.7323140402633718
0.25118864315095824 31622.776601683792 0.8622282046445512 0.7262874706617193
0.25118864315095824 39810.71705534977 0.8546018332010625 0.7202607750979053
0.25118864315095824 50118.72336272725 0.8470488920346811 0.7142768357821221
0.25118864315095824 63095.73444801943 0.8398317849361693 0.7085442373248394
0.25118864315095824 79432.82347242821 0.8326143621637203 0.7028115756867813
0.25118864315095824 100000.0 0.825396690240307 0.6970788635588812
0.25118864315095824 125892.54117941688 0.818544632045766 0.6916278446533658
0.25118864315095824 158489.3192461114 0.811776222078409 0.6862514300052217
0.25118864315095824 199526.2314968883 0.8050076890079896 0.6808749897177571
0.25118864315095824 251188.6431509582 0.7984136693768727 0.6756275952699548
0.25118864315095824 316227.7660168379 0.7920620751309173 0.670575829880811
0.25118864315095824 398107.17055349774 0.7857104196259415 0.6655240509535395
0.25118864315095824 501187.2336272725 0.779415301284408 0.6605069607598428
0.25118864315095824 630957.3444801943 0.7733866248750099 0.6557043842241125
0.25118864315095824 794328.2347242822 0.767357917685205 0.6509018002576366
0.25118864315095824 1000000.0 0.761329185927472 0.6460992100707119
0.25118864315095824 1258925.4117941686 0.7613292524592582 0.6460992244157897
0.25118864315095824 1584893.1924611141 0.7613293053073633 0.6460992358104709
0.25118864315095824 1995262.3149688828 0.7613293472861222 0.6460992448615741
0.25118864315095824 2511886.4315095823 0.7613293806310459 0.6460992520511123
0.25118864315095824 3162277.6601683795 0.7613294071178677 0.6460992577619609
0.25118864315095824 3981071.7055349774 0.7613294281571032 0.6460992622982463
0.25118864315095824 5011872.336272725 0.7613294448691647 0.6460992659015442
0.25118864315095824 6309573.444801942 0.7613294581440281 0.6460992687637432
0.25118864315095824 7943282.347242822 0.7607152379622505 0.6455827724050377
0.25118864315095824 10000000.0 0.7613294770645018 0.6460992728431922
0.25118864315095824 12589254.117941663 0.7613294837176962 0.6460992742776893
0.25118864315095824 15848931.924611174 0.7613294890025165 0.6460992754171505
0.25118864315095824 19952623.14968883 0.7613294932003978 0.6460992763222557
0.25118864315095824 25118864.315095823 0.7613225875184965 0.6461061860575751
0.25118864315095824 31622776.60168379 0.7613294991835791 0.6460992776122901
0.25118864315095824 39810717.05534969 0.7613295012875039 0.6460992780659175
0.25118864315095824 50118723.36272735 0.761329502958711 0.6460992784262466
0.25118864315095824 63095734.44801943 0.761329504286198 0.646099278712466
0.25118864315095824 79432823.47242822 0.7613295053406582 0.6460992789398181
0.25118864315095824 100000000.0 0.7613295061782465 0.6460992791204111
0.25118864315095824 125892541.17941661 0.7613295068435662 0.6460992792638606
0.25118864315095824 158489319.24611175 0.7613295073720483 0.6460992793778068
0.25118864315095824 199526231.49688828 0.7613295077918365 0.6460992794683171
0.25118864315095824 251188643.1509582 0.7613295081252858 0.646099279540212
0.25118864315095824 316227766.01683795 0.761329508390154 0.6460992795973198
0.25118864315095824 398107170.55349857 0.7613295086005464 0.6460992796426822
0.25118864315095824 501187233.6272735 0.7607152780235885 0.6455827810321647
0.25118864315095824 630957344.4801943 0.7613295089004165 0.6460992797073379
0.25118864315095824 794328234.7242821 0.7613295090058624 0.6460992797300731
0.25118864315095824 1000000000.0 0.7613295090896212 0.6460992797481324
0.25118864315095824 1258925411.7941713 0.7613295091561529 0.6460992797624769
0.25118864315095824 1584893192.4611173 0.7613295092090018 0.6460992797738723
0.25118864315095824 1995262314.9688828 0.760715278506687 0.6455827811361984
0.25118864315095824 2511886431.509582 0.7613295092843246 0.6460992797901121
0.25118864315095824 3162277660.1683793 0.7613295093108124 0.6460992797958238
0.25118864315095824 3981071705.5349855 0.7613295093318515 0.6460992798003599
0.25118864315095824 5011872336.272736 0.7613295093485639 0.6460992798039635
0.25118864315095824 6309573444.801943 0.7613295093618377 0.6460992798068245
0.25118864315095824 7943282347.242822 0.761329509372383 0.6460992798090988
0.25118864315095824 10000000000.0 0.7613226003627336 0.6461061888289285
