0 2.511886e-01 2.511886e+00 6.950887e-01
0 2.511886e-01 3.162278e+00 6.891601e-01
0 2.511886e-01 3.981072e+00 6.811949e-01
0 2.511886e-01 5.011872e+00 6.744418e-01
0 2.511886e-01 6.309573e+00 6.676843e-01
0 2.511886e-01 7.943282e+00 6.603858e-01
0 2.511886e-01 1.000000e+01 6.525283e-01
0 2.511886e-01 1.258925e+01 6.441709e-01
0 2.511886e-01 1.584893e+01 6.354205e-01
0 2.511886e-01 1.995262e+01 6.264961e-01
0 2.511886e-01 2.511886e+01 6.229391e-01
0 2.511886e-01 3.162278e+01 6.117328e-01
0 2.511886e-01 3.981072e+01 6.018451e-01
0 2.511886e-01 5.011872e+01 5.921803e-01
0 2.511886e-01 6.309573e+01 5.827870e-01
0 2.511886e-01 7.943282e+01 5.736620e-01
0 2.511886e-01 1.000000e+02 5.648004e-01
0 2.511886e-01 1.258925e+02 5.561962e-01
0 2.511886e-01 1.584893e+02 5.478426e-01
0 2.511886e-01 1.995262e+02 5.397321e-01
