0 1.258925e-02 2.511886e+00 2.738802e-01
0 1.258925e-02 3.162278e+00 3.031553e-01
0 1.258925e-02 3.981072e+00 3.264112e-01
0 1.258925e-02 5.011872e+00 3.505427e-01
0 1.258925e-02 6.309573e+00 3.747265e-01
0 1.258925e-02 7.943282e+00 3.982632e-01
0 1.258925e-02 1.000000e+01 4.206034e-01
0 1.258925e-02 1.258925e+01 4.413458e-01
0 1.258925e-02 1.584893e+01 4.598353e-01
0 1.258925e-02 1.995262e+01 4.766029e-01
0 1.258925e-02 2.511886e+01 5.566739e-01
0 1.258925e-02 3.162278e+01 5.590753e-01
0 1.258925e-02 3.981072e+01 5.612550e-01
0 1.258925e-02 5.011872e+01 5.632955e-01
0 1.258925e-02 6.309573e+01 5.652079e-01
0 1.258925e-02 7.943282e+01 5.670040e-01
0 1.258925e-02 1.000000e+02 5.686945e-01
0 1.258925e-02 1.258925e+02 5.702886e-01
0 1.258925e-02 1.584893e+02 5.717947e-01
0 1.258925e-02 1.995262e+02 5.732194e-01

