1 2.511886e-01 2.511886e+00 1.358974e+00
1 2.511886e-01 3.162278e+00 1.352239e+00
1 2.511886e-01 3.981072e+00 1.336196e+00
1 2.511886e-01 5.011872e+00 1.320448e+00
1 2.511886e-01 6.309573e+00 1.304840e+00
1 2.511886e-01 7.943282e+00 1.289319e+00
1 2.511886e-01 1.000000e+01 1.273754e+00
1 2.511886e-01 1.258925e+01 1.258153e+00
1 2.511886e-01 1.584893e+01 1.242568e+00
1 2.511886e-01 1.995262e+01 1.227165e+00
1 2.511886e-01 2.511886e+01 1.213327e+00
1 2.511886e-01 3.162278e+01 1.196382e+00
1 2.511886e-01 3.981072e+01 1.181307e+00
1 2.511886e-01 5.011872e+01 1.166409e+00
1 2.511886e-01 6.309573e+01 1.151786e+00
1 2.511886e-01 7.943282e+01 1.137450e+00
1 2.511886e-01 1.000000e+02 1.123411e+00
1 2.511886e-01 1.258925e+02 1.109673e+00
1 2.511886e-01 1.584893e+02 1.096237e+00
1 2.511886e-01 1.995262e+02 1.083101e+00
