0 2.511886e-01 2.511886e+00 1.000814e+00
0 2.511886e-01 3.162278e+00 1.019822e+00
0 2.511886e-01 3.981072e+00 1.026966e+00
0 2.511886e-01 5.011872e+00 1.029485e+00
0 2.511886e-01 6.309573e+00 1.028441e+00
0 2.511886e-01 7.943282e+00 1.024667e+00
0 2.511886e-01 1.000000e+01 1.018996e+00
0 2.511886e-01 1.258925e+01 1.011998e+00
0 2.511886e-01 1.584893e+01 1.004087e+00
0 2.511886e-01 1.995262e+01 9.956225e-01
0 2.511886e-01 2.511886e+01 9.825628e-01
0 2.511886e-01 3.162278e+01 9.731512e-01
0 2.511886e-01 3.981072e+01 9.645874e-01
0 2.511886e-01 5.011872e+01 9.557874e-01
0 2.511886e-01 6.309573e+01 9.468716e-01
0 2.511886e-01 7.943282e+01 9.378939e-01
0 2.511886e-01 1.000000e+02 9.288966e-01
0 2.511886e-01 1.258925e+02 9.199139e-01
0 2.511886e-01 1.584893e+02 9.109729e-01
0 2.511886e-01 1.995262e+02 9.020956e-01
