0 1.258925e-02 2.511886e+00 1.441639e-01
0 1.258925e-02 3.162278e+00 1.336900e-01
0 1.258925e-02 3.981072e+00 1.262821e-01
0 1.258925e-02 5.011872e+00 1.171641e-01
0 1.258925e-02 6.309573e+00 1.072102e-01
0 1.258925e-02 7.943282e+00 9.717173e-02
0 1.258925e-02 1.000000e+01 8.764957e-02
0 1.258925e-02 1.258925e+01 7.909624e-02
0 1.258925e-02 1.584893e+01 7.223563e-02
0 1.258925e-02 1.995262e+01 6.647727e-02
0 1.258925e-02 2.511886e+01 -1.779932e-03
0 1.258925e-02 3.162278e+01 6.095539e-03
0 1.258925e-02 3.981072e+01 1.314158e-02
0 1.258925e-02 5.011872e+01 2.003960e-02
0 1.258925e-02 6.309573e+01 2.676313e-02
0 1.258925e-02 7.943282e+01 3.331612e-02
0 1.258925e-02 1.000000e+02 3.970283e-02
0 1.258925e-02 1.258925e+02 4.592783e-02
0 1.258925e-02 1.584893e+02 5.199531e-02
0 1.258925e-02 1.995262e+02 5.791157e-02
