0 1.258925e-02 2.511886e+00 1.499906e+00
0 1.258925e-02 3.162278e+00 1.620951e+00
0 1.258925e-02 3.981072e+00 1.739723e+00
0 1.258925e-02 5.011872e+00 1.851608e+00
0 1.258925e-02 6.309573e+00 1.957758e+00
0 1.258925e-02 7.943282e+00 2.058907e+00
0 1.258925e-02 1.000000e+01 2.155551e+00
0 1.258925e-02 1.258925e+01 2.248051e+00
0 1.258925e-02 1.584893e+01 2.336150e+00
0 1.258925e-02 1.995262e+01 2.420277e+00
0 1.258925e-02 2.511886e+01 2.513696e+00
0 1.258925e-02 3.162278e+01 2.590658e+00
0 1.258925e-02 3.981072e+01 2.663695e+00
0 1.258925e-02 5.011872e+01 2.733929e+00
0 1.258925e-02 6.309573e+01 2.801481e+00
0 1.258925e-02 7.943282e+01 2.866493e+00
0 1.258925e-02 1.000000e+02 2.929099e+00
0 1.258925e-02 1.258925e+02 2.989419e+00
0 1.258925e-02 1.584893e+02 3.047564e+00
0 1.258925e-02 1.995262e+02 3.103641e+00
