0 2.511886e-01 2.511886e+00 1.496910e+00
0 2.511886e-01 3.162278e+00 1.478603e+00
0 2.511886e-01 3.981072e+00 1.450273e+00
0 2.511886e-01 5.011872e+00 1.422808e+00
0 2.511886e-01 6.309573e+00 1.396269e+00
0 2.511886e-01 7.943282e+00 1.370685e+00
0 2.511886e-01 1.000000e+01 1.346064e+00
0 2.511886e-01 1.258925e+01 1.322389e+00
0 2.511886e-01 1.584893e+01 1.299634e+00
0 2.511886e-01 1.995262e+01 1.277928e+00
0 2.511886e-01 2.511886e+01 1.257440e+00
0 2.511886e-01 3.162278e+01 1.235883e+00
0 2.511886e-01 3.981072e+01 1.216920e+00
0 2.511886e-01 5.011872e+01 1.198503e+00
0 2.511886e-01 6.309573e+01 1.180701e+00
0 2.511886e-01 7.943282e+01 1.163488e+00
0 2.511886e-01 1.000000e+02 1.146841e+00
0 2.511886e-01 1.258925e+02 1.130735e+00
0 2.511886e-01 1.584893e+02 1.115146e+00
0 2.511886e-01 1.995262e+02 1.100050e+00
