0 1.258925e-02 2.511886e+00 -1.189269e-01
0 1.258925e-02 3.162278e+00 -1.111232e-01
0 1.258925e-02 3.981072e+00 -9.649608e-02
0 1.258925e-02 5.011872e+00 -8.283501e-02
0 1.258925e-02 6.309573e+00 -7.002435e-02
0 1.258925e-02 7.943282e+00 -5.796898e-02
0 1.258925e-02 1.000000e+01 -4.658920e-02
0 1.258925e-02 1.258925e+01 -3.581670e-02
0 1.258925e-02 1.584893e+01 -2.558672e-02
0 1.258925e-02 1.995262e+01 -1.592172e-02
0 1.258925e-02 2.511886e+01 -6.432713e-03
0 1.258925e-02 3.162278e+01 2.951957e-03
0 1.258925e-02 3.981072e+01 1.124913e-02
0 1.258925e-02 5.011872e+01 1.927254e-02
0 1.258925e-02 6.309573e+01 2.700751e-02
0 1.258925e-02 7.943282e+01 3.447242e-02
0 1.258925e-02 1.000000e+02 4.168387e-02
0 1.258925e-02 1.258925e+02 4.865692e-02
0 1.258925e-02 1.584893e+02 5.540532e-02
0 1.258925e-02 1.995262e+02 6.194215e-02
